38.8861652 -77.0487833
33.7666362 -84.3932892
45.5234832 -122.6762804
40.7596000 -111.8960778
33.4494381 -112.0021397
32.2217132 -110.9265352
40.7177164 -73.9918354
33.4494381 -112.0021397
33.4463803 -111.9018876
42.3632186 -71.0736876
33.4494381 -112.0021397
33.4463803 -111.9018876
33.4494381 -112.0021397
33.2362375 -111.6240315
32.7925748 -117.2247429
34.0603976 -118.2487090
33.4463803 -111.9018876
33.4494381 -112.0021397
34.4839010 -114.3224548
34.0489281 -111.0937311
32.7113444 -117.1536387
33.4494381 -112.0021397
38.8861652 -77.0487833
33.6743027 -117.8587893
34.1314601 -118.1180118
34.0603976 -118.2487090
37.6886816 -122.4093304
 4.5980556 -74.0758333
33.8098780 -118.1489238
40.7666683 -74.1924955
41.8782438 -87.6298434
41.8782438 -87.6298434
21.3778098 -158.0030451
40.5530058 -85.6165593
40.7177164 -73.9918354
40.7177164 -73.9918354
43.6529502 -79.3826089
26.9102778 -101.4222222
33.4494381 -112.0021397
33.3573446 -111.8226541
33.4494381 -112.0021397
41.8543565 -87.8568999
33.4494381 -112.0021397
33.3573446 -111.8226541
33.9997733 -84.1520557
36.1172291 -115.1710734
38.9163430 -94.3835160
38.7423884 -77.2191320
36.1172291 -115.1710734
40.7668762 -73.8333535
36.1172291 -115.1710734
36.1172291 -115.1710734
37.6886816 -122.4093304
45.5234832 -122.6762804
38.4409558 -122.7167395
33.6743027 -117.8587893
44.9779478 -93.2673009
41.8782438 -87.6298434
41.6003219 -93.6076511
37.3902924 -122.0872864
38.4409558 -122.7167395
37.3478711 -121.9472872
45.6387281 -122.6614861
33.0581063 -112.0476423
41.8782438 -87.6298434
44.9620341 -93.1191078
38.5787965 -122.5797054
33.4494381 -112.0021397
44.9779478 -93.2673009
33.4494381 -112.0021397
33.4494381 -112.0021397
40.3542310 -74.1156747
40.7177164 -73.9918354
39.9765158 -86.0514815
40.6099186 -74.1194952
33.4494381 -112.0021397
33.4494381 -112.0021397
33.4494381 -112.0021397
33.4494381 -112.0021397
33.4494381 -112.0021397
35.9940329 -78.8986190
33.3573446 -111.8226541
40.4206876 -86.8895385
48.7595529 -122.4882249
32.7835605 -97.1231820
42.3632186 -71.0736876
41.8782438 -87.6298434
35.5477465 -80.8283894
33.4494381 -112.0021397
32.2217132 -110.9265352
33.4494381 -112.0021397
33.4494381 -112.0021397
38.7203514 -121.2448842
33.3573446 -111.8226541
31.9575818 -110.9556460
38.8861652 -77.0487833
35.2827524 -120.6596156
41.8782438 -87.6298434
36.1172291 -115.1710734
40.7177164 -73.9918354
40.7177164 -73.9918354
33.4494381 -112.0021397
41.8782438 -87.6298434
32.7113444 -117.1536387
42.0652007 -87.8076219
40.7666683 -74.1924955
39.0638705 -108.5506486
35.8456213 -86.3902700
33.9243152 -84.2790095
30.2671836 -97.7431193
43.5870666 -116.1958640
30.2671836 -97.7431193
34.0354870 -118.4389977
40.7177164 -73.9918354
41.8782438 -87.6298434
41.8782438 -87.6298434
39.4177846 -76.5977887
38.8861652 -77.0487833
36.1172291 -115.1710734
41.8782438 -87.6298434
33.4494381 -112.0021397
40.7177164 -73.9918354
36.7782610 -119.4179324
40.7177164 -73.9918354
45.5223169 -122.4110270
32.1574351 -82.9071230
37.0902400 -95.7128910
32.4619139 -84.9889334
33.4494381 -112.0021397
32.8681601 -84.6299029
33.4463803 -111.9018876
33.3573446 -111.8226541
33.6743027 -117.8587893
37.7931422 -122.2663833
43.5870666 -116.1958640
35.1495343 -90.0489801
38.5815331 -121.4956515
30.2671836 -97.7431193
34.0986574 -117.3558091
33.6743027 -117.8587893
35.0708698 -80.6811798
49.2401720 -123.1118602
47.6062447 -122.3320438
37.5911196 -122.0207348
41.5161162 -82.9965425
40.7080710 -73.5844003
40.7080710 -73.5844003
53.3428873 -6.2693029
41.4829063 -72.8231860
40.2915217 -74.6823928
30.2671836 -97.7431193
36.1642040 -86.7814398
38.8861652 -77.0487833
39.9516804 -75.1627359
44.5078962 -88.0276415
44.9779478 -93.2673009
41.2938889 -92.6444444
30.4416426 -84.2858799
36.1172291 -115.1710734
33.4463803 -111.9018876
33.4463803 -111.9018876
33.4463803 -111.9018876
33.1804507 -117.3676918
33.8830840 -117.5639578
30.4416426 -84.2858799
33.4463803 -111.9018876
33.4494381 -112.0021397
33.4494381 -112.0021397
34.0603976 -118.2487090
32.7113444 -117.1536387
34.0750788 -117.8164719
40.7080710 -73.5844003
41.4966745 -71.3118634
40.7177164 -73.9918354
40.7177164 -73.9918354
38.6910138 -121.4485654
18.4339505 -66.1107003
39.1285678 -84.5030927
40.7177164 -73.9918354
28.5435015 -81.3764286
32.2732024 -89.9859158
32.8816214 -97.1829086
33.4463803 -111.9018876
39.7684503 -86.1582494
32.8030205 -96.7698974
30.2671836 -97.7431193
37.6922361 -97.3375448
35.2272634 -80.8431816
37.7739932 -84.2876150
33.5697346 -112.3140158
35.9634936 -83.9171275
33.4494381 -112.0021397
32.8795022 -111.7573521
42.1955672 -71.1867696
33.4463803 -111.9018876
36.1172291 -115.1710734
33.3573446 -111.8226541
33.3573446 -111.8226541
46.0645809 -118.3430209
33.4463803 -111.9018876
33.3573446 -111.8226541
37.5437249 -122.3023086
34.0489281 -111.0937311
33.4494381 -112.0021397
33.4463803 -111.9018876
37.5911196 -122.0207348
32.2217132 -110.9265352
33.3573446 -111.8226541
33.3573446 -111.8226541
28.5435015 -81.3764286
33.3573446 -111.8226541
33.3573446 -111.8226541
43.0405328 -87.9143326
28.5435015 -81.3764286
38.8861652 -77.0487833
31.9685988 -99.9018131
37.7931422 -122.2663833
41.3580708 -72.1052786
34.1641826 -118.8264504
-34.6119960 -58.3718654
40.7177164 -73.9918354
33.8729860 -118.3620911
47.7638136 -122.5563373
38.7203514 -121.2448842
34.1314601 -118.1180118
34.0750788 -117.8164719
33.6508960 -117.7520740
33.4494381 -112.0021397
37.6930337 -122.0978448
43.0405328 -87.9143326
44.8102379 -91.4892809
32.2217132 -110.9265352
33.4494381 -112.0021397
36.8115821 -76.2845886
39.2115193 -76.8503738
39.2862503 -76.6146693
28.5435015 -81.3764286
39.0056565 -77.1265310
30.8327022 -83.2784851
37.1289771 -84.0832646
38.6587792 -76.8856871
36.1172291 -115.1710734
33.3806810 -110.7619143
36.1172291 -115.1710734
-34.0019062 151.1280691
39.7358302 -104.9865804
39.7358302 -104.9865804
33.3573446 -111.8226541
39.2862503 -76.6146693
37.6886816 -122.4093304
33.4463803 -111.9018876
33.1306953 -117.1243225
39.7684503 -86.1582494
37.6886816 -122.4093304
32.9808934 -117.0781180
40.7177164 -73.9918354
32.8816214 -97.1829086
47.3833333  8.5333333
41.7875516 -88.1307637
40.7177164 -73.9918354
41.8782438 -87.6298434
36.1172291 -115.1710734
33.4494381 -112.0021397
44.5078962 -88.0276415
41.6218424 -87.7797234
33.8173064 -117.8912492
39.1285678 -84.5030927
39.1653250 -86.5263857
28.5290504 -81.5564757
40.1773703 -76.7204134
40.7177164 -73.9918354
44.9779478 -93.2673009
35.3732921 -119.0187125
38.0529280 -122.2765671
33.4494381 -112.0021397
23.6345010 -102.5527840
28.6841950 -81.5064547
30.2671836 -97.7431193
19.1400064 -96.1155932
33.4494381 -112.0021397
33.8173064 -117.8912492
33.8173064 -117.8912492
33.4494381 -112.0021397
33.8173064 -117.8912492
30.3326449 -81.6543053
26.0100982 -80.1999906
40.7177164 -73.9918354
26.4381360 -81.8067523
33.4463803 -111.9018876
42.7531482 -71.4595449
42.3632186 -71.0736876
33.4494381 -112.0021397
33.4494381 -112.0021397
33.4494381 -112.0021397
33.3573446 -111.8226541
42.3632186 -71.0736876
33.3573446 -111.8226541
32.2217132 -110.9265352
27.5064070 -99.5075421
29.7626978 -95.3823137
43.3873420 -80.3213230
19.2433333 -103.7247222
29.7857853 -95.8243956
29.7626978 -95.3823137
29.7626978 -95.3823137
39.2115193 -76.8503738
27.7454551 -82.7521518
33.4494381 -112.0021397
41.4047222 -99.6413889
33.3573446 -111.8226541
33.4463803 -111.9018876
27.6648274 -81.5157535
33.8173064 -117.8912492
33.4463803 -111.9018876
30.4127536 -87.2098406
32.7835605 -97.1231820
32.8030205 -96.7698974
37.7931422 -122.2663833
32.2217132 -110.9265352
40.7177164 -73.9918354
34.0603976 -118.2487090
51.5029913 -0.1255373
37.6886816 -122.4093304
33.4463803 -111.9018876
33.4494381 -112.0021397
33.4463803 -111.9018876
33.5697346 -112.3140158
33.4494381 -112.0021397
39.7122291 -86.3767606
33.4463803 -111.9018876
34.1274022 -118.3518837
33.4463803 -111.9018876
43.0164474 -88.2321349
33.5697346 -112.3140158
33.5697346 -112.3140158
33.4463803 -111.9018876
33.3573446 -111.8226541
33.4494381 -112.0021397
33.4463803 -111.9018876
33.4463803 -111.9018876
35.6800056 139.7060563
33.7666362 -84.3932892
39.3476104 -76.7722005
39.7684503 -86.1582494
37.0236759 -94.7355042
39.9765158 -86.0514815
39.9516804 -75.1627359
33.4150485 -111.5495777
38.0529280 -122.2765671
36.1642040 -86.7814398
40.7177164 -73.9918354
33.9725748 -118.1683707
33.4494381 -112.0021397
33.8173064 -117.8912492
33.4494381 -112.0021397
33.6743027 -117.8587893
33.4463803 -111.9018876
33.3573446 -111.8226541
33.5697346 -112.3140158
28.4829625 -82.5505666
33.4494381 -112.0021397
44.5078962 -88.0276415
37.5665350 126.9779692
33.4463803 -111.9018876
32.9808934 -117.0781180
39.7358302 -104.9865804
42.5847425 -87.8211854
34.0603976 -118.2487090
38.0529280 -122.2765671
35.1241907 -109.5381655
37.6886816 -122.4093304
38.5815331 -121.4956515
33.3573446 -111.8226541
34.0603976 -118.2487090
40.7177164 -73.9918354
41.3580708 -72.1052786
37.6886816 -122.4093304
44.9779478 -93.2673009
45.5234832 -122.6762804
35.2330577 -106.6643679
37.3478711 -121.9472872
37.7931422 -122.2663833
43.0405328 -87.9143326
37.6930337 -122.0978448
37.6886816 -122.4093304
37.3902924 -122.0872864
40.7177164 -73.9918354
33.3573446 -111.8226541
33.3573446 -111.8226541
32.7937056 -116.9878785
33.4463803 -111.9018876
34.0489281 -111.0937311
37.6886816 -122.4093304
33.4494381 -112.0021397
33.7666362 -84.3932892
39.1000949 -94.5824387
33.9243152 -84.2790095
41.8782438 -87.6298434
34.0603976 -118.2487090
41.8782438 -87.6298434
41.1307564 -73.9996172
40.4391746 -79.9956503
33.4463803 -111.9018876
47.6452246 -122.1686748
30.3326449 -81.6543053
44.5661111 -92.5369444
28.5490018 -81.7645599
26.3525712 -80.0852787
40.7177164 -73.9918354
28.3995074 -81.5374110
27.6648274 -81.5157535
31.9685988 -99.9018131
28.3995074 -81.5374110
33.4494381 -112.0021397
33.3573446 -111.8226541
33.4463803 -111.9018876
33.4463803 -111.9018876
33.5697346 -112.3140158
33.3573446 -111.8226541
41.8782438 -87.6298434
37.5437249 -122.3023086
36.7280583 -108.2186856
37.6886816 -122.4093304
33.4494381 -112.0021397
47.6062447 -122.3320438
42.6318174 -70.6453219
28.5435015 -81.3764286
55.7304274 37.5050632
43.0405328 -87.9143326
-22.9035393 -43.2095869
33.4494381 -112.0021397
45.5234832 -122.6762804
35.2330577 -106.6643679
43.0405328 -87.9143326
37.6930337 -122.0978448
37.3478711 -121.9472872
37.6930337 -122.0978448
37.6886816 -122.4093304
33.3573446 -111.8226541
33.7666362 -84.3932892
26.2005846 -80.2507161
40.7177164 -73.9918354
33.4463803 -111.9018876
33.5697346 -112.3140158
26.1208627 -80.1589067
41.8782438 -87.6298434
42.3632186 -71.0736876
29.9662282 -90.0772990
33.5697346 -112.3140158
39.2862503 -76.6146693
38.5450037 -121.7381972
-33.9522629 151.0321372
38.8861652 -77.0487833
39.7418124 -83.5709640
38.6101854 -90.5517498
-33.8606304 151.2047759
47.7423218 -121.9856781
37.0902400 -95.7128910
34.0354870 -118.4389977
25.7053497 -80.2834287
32.8030205 -96.7698974
28.6641522 -81.1904694
38.8223862 -77.4201521
27.9547452 -82.7909159
35.0456297 -85.3096801
40.4391746 -79.9956503
41.8782438 -87.6298434
37.3478711 -121.9472872
37.6930337 -122.0978448
33.3573446 -111.8226541
37.6886816 -122.4093304
40.0554761 -75.3335181
40.7177164 -73.9918354
32.2217132 -110.9265352
33.3573446 -111.8226541
34.0603976 -118.2487090
34.1602104 -118.2236166
34.1274022 -118.3518837
43.6529502 -79.3826089
32.7113444 -117.1536387
28.2919557 -81.4075710
33.3573446 -111.8226541
39.1000949 -94.5824387
42.6142514 -71.1238335
41.4517050 -81.8481970
40.7177164 -73.9918354
42.2510645 -72.1120217
33.4463803 -111.9018876
33.0581063 -112.0476423
35.0844909 -106.6511367
33.4494381 -112.0021397
33.3573446 -111.8226541
34.0603976 -118.2487090
38.0529280 -122.2765671
33.3573446 -111.8226541
33.8098780 -118.1489238
33.4463803 -111.9018876
34.0489281 -111.0937311
40.0554761 -75.3335181
40.7177164 -73.9918354
33.6753390 -117.3040465
26.0100982 -80.1999906
27.6648274 -81.5157535
40.7177164 -73.9918354
33.4494381 -112.0021397
33.4463803 -111.9018876
33.4494381 -112.0021397
40.7177164 -73.9918354
37.5437249 -122.3023086
33.5697346 -112.3140158
39.1285678 -84.5030927
41.4517050 -81.8481970
28.5435015 -81.3764286
29.9867313 -90.2039337
-25.2520888 -52.0215415
33.3573446 -111.8226541
41.8782438 -87.6298434
36.4796839 -121.7324476
37.3902924 -122.0872864
51.5601908  5.0818877
38.1102185 -120.5008481
42.2133355 -87.9705071
36.0355747 140.0738660
40.7177164 -73.9918354
36.0572774 -94.1658607
33.4463803 -111.9018876
44.9779478 -93.2673009
33.4463803 -111.9018876
45.5063053 -73.5596538
45.0877437 -92.9599512
33.4494381 -112.0021397
38.5815331 -121.4956515
33.4463803 -111.9018876
33.4463803 -111.9018876
33.4494381 -112.0021397
33.4463803 -111.9018876
33.4463803 -111.9018876
47.6062447 -122.3320438
37.5437249 -122.3023086
33.3573446 -111.8226541
33.7666362 -84.3932892
32.8716700 -96.1483300
33.4494381 -112.0021397
41.8269023 -88.3132386
34.0603976 -118.2487090
41.8543565 -87.8568999
33.4463803 -111.9018876
33.4463803 -111.9018876
33.4494381 -112.0021397
40.7177164 -73.9918354
36.1172291 -115.1710734
32.2217132 -110.9265352
33.4463803 -111.9018876
37.0236759 -94.7355042
39.7358302 -104.9865804
37.3902924 -122.0872864
-36.8484597 174.7633315
40.7177164 -73.9918354
47.6062447 -122.3320438
-35.3080556 149.1244444
33.7666362 -84.3932892
38.6772690 -87.5286325
34.2257255 -77.9447102
38.6772690 -87.5286325
33.3573446 -111.8226541
47.6062447 -122.3320438
38.8861652 -77.0487833
46.2254126 -119.1188998
33.9551294 -117.3970651
38.7203514 -121.2448842
47.6062447 -122.3320438
39.4952243 -74.5788879
39.9186172 -75.3381715
33.4494381 -112.0021397
33.4494381 -112.0021397
48.8577655  2.3457984
33.6508960 -117.7520740
41.8128141 -72.2514007
45.4086344 -122.6307090
43.4252776 -88.1834277
37.6886816 -122.4093304
36.1172291 -115.1710734
33.3573446 -111.8226541
51.5029913 -0.1255373
40.7177164 -73.9918354
35.2272634 -80.8431816
39.5500507 -105.7820674
38.5815331 -121.4956515
47.3292640 -122.5801293
25.7858124 -80.2179380
33.4494381 -112.0021397
37.9621158 -91.8217394
33.4463803 -111.9018876
